226 226 226
153 153 153
69 69 69
11 11 11
5 5 5
54 54 54
136 136 136
214 214 214
253 253 253
236 236 236
170 170 170
84 84 84
18 18 18
1 1 1
40 40 40
118 118 118
200 200 200
249 249 249
243 243 243
185 185 185
101 101 101
28 28 28
0 0 0
28 28 28
101 101 101
185 185 185
243 243 243
249 249 249
200 200 200
118 118 118
40 40 40
1 1 1
18 18 18
84 84 84
170 170 170
236 236 236
253 253 253
214 214 214
136 136 136
54 54 54
5 5 5
11 11 11
69 69 69
153 153 153
226 226 226
254 254 254
226 226 226
153 153 153
69 69 69
11 11 11
5 5 5
54 54 54
136 136 136
214 214 214
253 253 253
236 236 236
170 170 170
84 84 84
18 18 18
1 1 1
40 40 40
118 118 118
200 200 200
249 249 249
243 243 243
185 185 185
101 101 101
28 28 28
0 0 0
28 28 28
101 101 101
185 185 185
243 243 243
249 249 249
200 200 200
118 118 118
40 40 40
1 1 1
18 18 18
84 84 84
170 170 170
236 236 236
253 253 253
214 214 214
136 136 136
54 54 54
5 5 5
11 11 11
69 69 69
153 153 153
226 226 226
254 254 254
226 226 226
153 153 153
69 69 69
11 11 11
5 5 5
54 54 54
136 136 136
214 214 214
253 253 253
236 236 236
170 170 170
84 84 84
18 18 18
1 1 1
40 40 40
118 118 118
200 200 200
249 249 249
243 243 243
185 185 185
101 101 101
28 28 28
0 0 0
28 28 28
101 101 101
185 185 185
243 243 243
249 249 249
200 200 200
118 118 118
40 40 40
1 1 1
18 18 18
84 84 84
170 170 170
236 236 236
253 253 253
214 214 214
136 136 136
54 54 54
5 5 5
11 11 11
69 69 69
153 153 153
226 226 226
254 254 254
226 226 226
153 153 153
69 69 69
11 11 11
5 5 5
54 54 54
136 136 136
214 214 214
253 253 253
236 236 236
170 170 170
84 84 84
18 18 18
1 1 1
40 40 40
118 118 118
200 200 200
249 249 249
243 243 243
185 185 185
101 101 101
28 28 28
0 0 0
28 28 28
101 101 101
185 185 185
243 243 243
249 249 249
200 200 200
118 118 118
40 40 40
1 1 1
18 18 18
84 84 84
170 170 170
236 236 236
253 253 253
214 214 214
136 136 136
54 54 54
5 5 5
11 11 11
69 69 69
153 153 153
226 226 226
254 254 254
226 226 226
153 153 153
69 69 69
11 11 11
5 5 5
54 54 54
136 136 136
214 214 214
253 253 253
236 236 236
170 170 170
84 84 84
18 18 18
1 1 1
40 40 40
118 118 118
200 200 200
249 249 249
243 243 243
185 185 185
101 101 101
28 28 28
0 0 0
28 28 28
101 101 101
185 185 185
243 243 243
249 249 249
200 200 200
118 118 118
40 40 40
1 1 1
18 18 18
84 84 84
170 170 170
236 236 236
253 253 253
214 214 214
136 136 136
54 54 54
5 5 5
11 11 11
69 69 69
153 153 153
226 226 226
254 254 254
226 226 226
153 153 153
69 69 69
11 11 11
5 5 5
54 54 54
136 136 136
214 214 214
253 253 253
236 236 236
170 170 170
84 84 84
18 18 18
1 1 1
40 40 40
118 118 118
200 200 200
249 249 249
243 243 243
185 185 185
101 101 101
28 28 28
0 0 0
28 28 28
101 101 101
185 185 185
243 243 243
249 249 249
200 200 200
118 118 118
40 40 40
1 1 1
18 18 18
84 84 84
170 170 170
236 236 236
253 253 253
214 214 214
136 136 136
54 54 54
5 5 5
11 11 11
69 69 69
153 153 153
226 226 226
254 254 254
226 226 226
153 153 153
69 69 69
11 11 11
5 5 5
54 54 54
136 136 136
214 214 214
253 253 253
236 236 236
170 170 170
84 84 84
18 18 18
1 1 1
40 40 40
118 118 118
200 200 200
249 249 249
243 243 243
185 185 185
101 101 101
28 28 28
0 0 0
28 28 28
101 101 101
185 185 185
243 243 243
249 249 249
200 200 200
118 118 118
40 40 40
1 1 1
18 18 18
84 84 84
170 170 170
236 236 236
253 253 253
214 214 214
136 136 136
54 54 54
5 5 5
11 11 11
69 69 69
153 153 153
226 226 226
254 254 254
226 226 226
153 153 153
69 69 69
11 11 11
5 5 5
54 54 54
136 136 136
214 214 214
253 253 253
236 236 236
170 170 170
84 84 84
18 18 18
1 1 1
40 40 40
118 118 118
200 200 200
249 249 249
243 243 243
185 185 185
101 101 101
28 28 28
0 0 0
28 28 28
101 101 101
185 185 185
243 243 243
249 249 249
200 200 200
118 118 118
40 40 40
1 1 1
18 18 18
84 84 84
170 170 170
236 236 236
253 253 253
214 214 214
136 136 136
54 54 54
5 5 5
11 11 11
69 69 69
153 153 153
226 226 226
254 254 254
226 226 226
153 153 153
69 69 69
11 11 11
5 5 5
54 54 54
136 136 136
214 214 214
253 253 253
236 236 236
170 170 170
84 84 84
18 18 18
1 1 1
40 40 40
118 118 118
200 200 200
249 249 249
243 243 243
185 185 185
101 101 101
28 28 28
0 0 0
28 28 28
101 101 101
185 185 185
243 243 243
249 249 249
200 200 200
118 118 118
40 40 40
1 1 1
18 18 18
84 84 84
170 170 170
236 236 236
253 253 253
214 214 214
136 136 136
54 54 54
5 5 5
11 11 11
69 69 69
153 153 153
226 226 226
254 254 254
226 226 226
153 153 153
69 69 69
11 11 11
5 5 5
54 54 54
136 136 136
214 214 214
253 253 253
236 236 236
170 170 170
84 84 84
18 18 18
1 1 1
40 40 40
118 118 118
200 200 200
249 249 249
243 243 243
185 185 185
101 101 101
28 28 28
0 0 0
28 28 28
101 101 101
185 185 185
243 243 243
249 249 249
200 200 200
118 118 118
40 40 40
1 1 1
18 18 18
84 84 84
170 170 170
236 236 236
253 253 253
214 214 214
136 136 136
54 54 54
5 5 5
11 11 11
69 69 69
153 153 153
226 226 226
254 254 254
226 226 226
153 153 153
69 69 69
11 11 11
5 5 5
54 54 54
136 136 136
214 214 214
253 253 253
236 236 236
170 170 170
84 84 84
18 18 18
1 1 1
40 40 40
118 118 118
200 200 200
249 249 249
243 243 243
185 185 185
