195 232 236
154 226 214
85 222 218
65 214 210
68 187 179
43 73 100
13 82 139
16 166 237
13 186 254
21 196 252
65 201 255
67 159 248
34 119 211
14 182 236
16 250 248
9 186 237
41 132 217
109 163 240
200 240 252
120 189 238
21 103 180
11 143 207
65 163 241
242 255 255
191 216 242
66 121 194
52 131 164
53 160 158
101 198 202
111 117 154
28 45 71
20 125 139
77 192 195
49 174 172
17 164 150
58 198 174
70 213 186
80 215 189
82 217 207
22 166 201
35 183 195
117 216 220
162 232 226
160 218 217
153 214 216
183 232 230
156 226 220
128 221 220
150 239 219
107 221 204
144 230 222
102 223 215
13 211 223
47 120 152
33 86 119
125 241 248
173 249 245
180 244 245
199 246 243
185 240 249
160 237 240
137 250 246
87 222 244
21 156 178
12 202 191
10 229 208
23 174 171
10 156 151
18 123 114
11 127 104
18 148 107
14 159 114
12 147 133
17 161 136
17 164 130
18 143 128
9 147 140
14 162 152
15 150 136
17 137 103
18 151 159
12 142 195
16 88 105
16 134 109
13 170 150
1 171 142
23 163 132
19 169 139
14 160 130
12 140 115
18 144 125
18 145 124
11 148 116
11 148 117
18 141 121
8 135 113
14 120 107
16 103 93
8 105 101
16 132 113
15 150 128
13 151 133
9 137 108
16 126 100
15 123 104
14 116 104
10 117 98
17 130 127
23 157 181
20 68 110
64 136 166
96 158 182
52 82 107
17 51 75
19 43 73
45 99 130
87 160 180
94 177 155
26 174 156
11 151 150
10 130 119
23 126 119
12 130 119
16 160 135
15 180 145
21 153 130
5 130 134
16 135 126
17 122 113
14 127 113
21 138 137
13 139 144
9 122 132
17 129 141
7 223 218
18 245 254
17 94 120
10 49 64
23 31 38
12 35 51
79 147 190
77 227 228
14 208 208
36 143 171
183 225 244
189 249 248
167 242 240
141 254 251
49 106 108
27 16 18
58 68 68
53 109 128
110 235 243
148 239 236
195 240 243
175 234 236
180 248 247
90 233 218
17 151 139
33 60 64
120 154 154
223 254 255
164 242 235
125 247 236
97 219 208
131 178 176
193 168 172
195 204 194
216 210 203
187 199 199
164 175 173
167 184 170
170 187 183
152 162 162
137 155 154
151 193 182
98 144 145
33 60 86
24 53 62
37 88 81
49 86 94
53 69 86
51 80 94
46 95 87
89 118 123
137 143 148
151 179 186
111 193 218
31 136 179
10 113 145
18 121 136
25 127 150
20 129 150
32 131 151
22 121 149
49 117 164
160 182 210
201 213 219
200 215 224
222 240 241
217 212 227
143 149 178
203 227 225
96 186 173
11 133 139
6 138 145
21 132 142
9 151 152
13 128 155
91 161 214
211 220 253
160 200 253
177 212 255
214 242 255
237 250 252
132 184 230
44 122 205
130 190 255
177 229 255
78 191 218
37 157 169
17 165 177
36 156 191
21 87 112
13 46 61
23 75 116
17 104 144
24 114 145
20 150 197
7 145 211
19 151 198
17 176 186
13 138 136
30 160 183
73 232 246
18 151 178
11 115 128
10 133 135
18 135 144
10 132 146
11 125 148
43 176 196
70 218 248
60 218 236
51 213 225
56 183 208
35 145 197
102 196 239
176 235 255
198 241 255
220 240 245
96 182 164
11 101 112
13 37 59
33 124 161
94 209 254
183 242 252
129 232 251
88 222 240
140 237 255
99 224 245
15 183 200
16 161 183
10 150 186
8 85 134
16 50 109
44 87 138
49 136 146
67 164 178
177 220 247
205 220 246
157 180 225
186 198 226
203 221 238
188 207 234
197 219 231
208 230 248
207 228 250
219 233 255
208 237 246
189 211 222
204 219 235
244 241 255
138 205 238
183 232 242
253 255 255
154 220 239
61 193 217
38 190 201
46 167 187
65 167 202
21 143 189
9 119 161
49 163 203
138 225 241
147 226 239
79 194 205
54 213 233
39 161 183
18 128 180
101 184 239
124 182 248
64 143 224
33 106 174
48 155 189
53 146 185
63 177 194
52 182 171
46 178 155
58 182 160
76 175 165
76 158 163
99 175 181
70 166 196
43 129 183
22 73 135
12 53 108
15 153 166
18 195 186
15 163 147
33 144 122
37 139 98
24 131 99
10 141 114
14 163 130
18 135 108
52 127 99
55 142 114
90 188 158
97 213 190
91 197 184
119 209 196
152 237 222
51 162 140
14 138 116
18 158 135
29 166 138
26 165 132
18 157 143
16 147 166
8 141 144
15 161 136
79 210 197
118 234 221
54 177 149
22 116 92
12 129 98
18 133 100
10 128 99
13 124 104
16 129 102
12 122 86
14 105 84
80 186 150
102 212 176
48 141 120
48 133 118
99 193 168
89 181 156
39 145 128
44 166 148
17 179 143
54 200 166
54 162 150
127 197 197
203 255 253
139 226 216
91 197 190
166 232 231
173 237 242
163 240 237
113 233 228
30 212 212
16 160 161
11 101 96
19 106 108
13 125 107
23 117 86
50 135 107
24 120 96
17 99 70
15 96 71
14 105 90
15 113 99
13 121 98
21 143 125
36 107 104
49 152 145
29 147 136
18 92 56
41 107 82
41 118 110
47 117 94
52 121 108
35 55 72
23 38 87
19 55 79
15 135 131
11 157 153
22 106 111
26 39 47
20 28 35
32 76 113
118 162 185
144 200 211
24 77 87
19 61 60
47 113 108
55 149 154
84 213 206
84 231 203
92 214 198
48 172 160
46 131 111
42 124 102
17 134 107
17 97 80
9 60 53
15 63 51
17 48 41
11 77 75
12 100 87
13 136 102
15 166 116
14 159 137
21 164 132
17 170 117
17 158 125
16 65 73
18 87 84
10 127 102
16 102 72
12 127 100
18 146 105
114 217 196
135 228 221
93 208 181
74 184 156
66 176 158
119 203 185
115 213 189
115 213 191
130 218 202
133 214 199
141 213 200
172 229 214
144 215 195
104 213 187
93 203 177
72 187 167
109 215 198
126 227 205
119 222 194
98 205 173
91 201 172
120 225 198
127 221 196
167 232 216
137 234 224
32 143 139
12 106 81
20 126 90
35 118 103
45 155 131
136 233 207
134 230 200
106 217 185
113 212 186
105 209 192
119 224 211
145 239 222
153 235 213
143 230 204
144 223 212
144 223 209
150 225 204
123 209 197
121 211 198
114 218 195
26 209 171
12 185 155
17 179 154
18 208 177
20 206 182
29 237 227
74 210 198
19 66 98
22 116 192
68 197 246
84 167 219
145 207 217
130 237 205
69 179 143
40 134 93
36 134 90
23 125 83
22 128 81
25 131 90
5 125 90
18 126 80
23 133 91
39 162 134
80 179 147
73 165 124
50 134 105
47 139 90
54 139 95
40 128 88
41 135 94
42 128 98
19 123 92
14 118 87
9 118 86
21 132 88
49 129 94
58 137 98
53 142 102
46 137 92
45 132 98
50 132 80
65 126 70
64 128 69
67 134 79
54 132 85
49 147 117
132 216 222
120 217 251
123 220 254
137 221 255
177 233 252
187 230 249
154 191 213
191 214 230
140 178 196
115 170 185
189 230 233
154 201 215
87 101 159
16 24 64
14 58 57
24 139 142
27 128 120
26 127 105
17 158 131
12 169 142
45 209 178
109 218 202
21 98 70
8 73 51
34 102 101
25 109 104
18 75 77
16 53 57
19 54 87
23 78 129
40 160 160
21 197 167
8 89 86
17 40 42
31 57 73
50 52 86
38 33 64
81 106 148
66 71 146
90 120 201
185 232 253
234 240 251
187 204 253
168 224 241
104 220 197
105 226 192
91 166 134
77 141 106
53 136 98
44 133 93
55 135 118
62 171 145
111 218 199
50 100 96
22 37 39
13 58 42
13 84 74
23 96 94
12 75 79
14 32 31
18 46 53
31 92 94
16 12 17
18 64 71
33 119 111
25 84 76
13 123 89
34 163 118
49 140 114
25 159 159
123 235 253
205 237 255
114 195 216
62 202 179
20 192 150
63 231 188
51 212 164
17 131 108
12 143 153
20 132 138
19 111 146
16 61 82
13 131 112
96 255 234
102 247 232
13 123 119
11 116 101
21 93 73
14 162 150
10 181 172
17 99 77
21 99 92
20 105 85
10 108 94
20 111 102
13 137 137
40 199 225
125 254 255
58 152 151
15 119 102
31 253 233
40 246 234
18 249 246
29 216 207
8 131 117
18 157 176
207 255 255
124 236 255
12 140 181
14 92 81
15 117 99
73 145 145
86 144 149
16 59 76
19 49 60
14 60 68
17 98 125
29 153 183
67 150 172
67 155 192
23 101 108
11 93 70
16 61 52
13 54 57
19 158 137
12 154 147
17 124 127
14 122 109
14 116 111
13 108 124
31 146 159
43 206 191
59 231 219
37 218 213
14 231 224
19 244 236
11 243 231
5 244 219
19 189 161
6 182 152
17 189 155
13 183 154
11 185 161
16 183 144
90 224 228
107 168 230
17 149 149
13 196 162
17 201 161
12 208 166
14 186 152
9 179 150
13 185 151
13 188 151
15 185 149
16 184 155
96 216 212
255 252 255
182 228 245
26 86 80
11 46 42
9 53 52
21 71 67
56 106 152
84 167 189
184 243 253
185 232 230
176 225 227
194 230 236
195 237 230
190 228 228
200 233 229
142 169 166
145 182 186
201 248 240
176 226 216
187 227 222
228 243 245
83 171 177
10 191 216
16 149 169
21 112 121
38 144 175
126 175 215
84 122 154
52 93 108
33 92 77
23 103 68
15 95 64
23 91 68
15 88 78
16 95 84
12 101 92
13 102 86
14 129 112
24 168 156
8 163 142
13 172 146
16 170 151
16 182 159
11 158 144
18 133 136
17 127 125
16 124 111
66 209 200
181 251 255
140 224 252
89 239 239
122 242 237
101 218 217
102 191 228
53 207 250
17 169 247
13 192 254
19 211 254
65 221 251
175 255 254
75 172 182
41 157 188
40 196 231
18 163 218
35 149 240
50 192 255
8 133 124
17 140 136
31 123 124
18 120 149
16 147 167
119 239 238
102 238 212
56 201 187
129 236 227
152 241 238
133 233 238
150 246 246
185 255 254
57 129 146
30 50 107
32 50 67
47 179 203
30 123 210
18 63 97
34 44 68
89 73 121
131 210 237
166 233 255
105 171 222
62 105 154
90 142 178
70 119 159
12 37 79
13 31 78
13 20 53
50 67 94
56 104 110
72 120 124
92 135 162
64 88 94
26 20 31
31 41 75
46 108 148
174 237 255
91 133 175
22 69 73
51 98 120
25 124 216
40 136 220
57 142 188
127 255 251
110 226 207
85 218 208
64 225 199
83 205 195
79 176 180
50 109 135
31 42 70
26 37 64
19 36 62
70 112 125
92 118 142
25 37 47
17 45 46
24 54 49
25 89 93
31 105 105
38 92 99
15 96 81
12 93 66
35 123 99
37 154 133
26 163 159
51 223 195
44 245 218
28 191 199
55 168 170
100 194 189
76 203 194
52 185 183
72 196 190
63 186 160
20 155 163
16 162 184
18 157 153
16 101 86
14 72 67
9 62 49
20 65 48
20 78 77
29 108 94
57 134 107
47 140 113
47 120 104
43 125 102
57 131 107
36 137 115
39 150 130
14 119 98
25 134 112
94 224 194
98 212 195
74 150 149
106 150 163
76 205 200
37 209 175
54 180 158
45 174 143
26 157 130
57 176 155
39 191 168
47 208 193
89 211 200
64 196 183
47 199 186
76 211 197
80 199 184
62 175 165
40 173 157
33 195 167
16 172 142
16 152 124
14 148 118
26 165 128
29 192 171
14 152 158
31 97 145
35 83 135
30 80 133
23 75 121
50 66 103
54 74 129
30 129 161
30 179 176
26 138 158
32 104 151
52 118 171
51 119 178
40 112 142
33 204 195
15 229 224
8 204 204
22 190 183
19 204 202
9 214 211
32 219 217
12 170 163
13 92 89
27 49 60
21 29 42
36 41 56
62 100 112
31 120 104
9 111 83
49 141 124
66 163 136
86 163 136
57 128 118
85 115 110
120 115 106
76 85 82
22 74 64
14 88 60
14 93 74
27 94 85
34 107 85
22 120 96
16 127 113
26 131 116
46 144 122
97 156 142
152 180 151
137 176 144
110 143 146
125 160 174
143 163 158
136 168 144
152 169 160
69 103 96
25 83 89
52 103 105
78 122 116
37 84 82
28 74 68
15 82 73
35 98 78
24 105 80
27 98 78
23 93 76
27 98 88
36 110 104
27 111 86
41 107 66
54 114 74
53 117 82
37 115 98
43 126 101
63 121 110
36 100 81
36 103 76
13 126 106
15 117 116
17 43 57
24 39 35
13 40 30
31 52 60
61 77 106
37 46 79
18 18 24
31 21 21
25 60 64
23 122 120
21 75 70
16 50 43
31 69 71
17 24 39
56 39 52
