195 232 236
176 230 225
157 221 225
170 244 232
190 250 240
177 243 242
163 235 242
163 240 232
173 241 234
179 239 239
178 241 239
157 243 233
51 209 195
76 217 220
120 219 223
10 144 124
18 151 135
11 172 164
82 213 202
99 213 213
103 217 200
84 221 217
86 221 235
165 238 228
179 236 235
218 238 255
173 227 252
28 190 218
31 224 228
79 240 225
108 233 231
146 242 232
168 244 240
171 243 243
190 244 251
190 249 245
137 227 227
136 221 229
155 238 230
159 239 232
95 211 192
21 174 151
53 198 196
90 216 210
31 167 165
12 175 178
88 236 253
142 245 240
11 210 196
14 166 143
14 153 156
13 231 220
20 229 201
17 173 166
31 214 204
124 255 239
122 250 238
146 245 229
196 246 236
153 248 234
108 255 243
31 204 184
21 185 184
59 215 244
46 163 238
135 209 251
98 184 244
154 208 249
137 239 252
23 213 242
59 177 226
41 158 203
108 187 238
222 237 253
240 249 253
192 242 238
137 240 233
139 241 240
181 251 250
99 182 203
44 65 96
31 68 106
119 213 219
176 252 240
116 205 195
91 166 164
39 137 125
13 116 85
43 138 118
71 146 148
76 155 158
96 168 180
134 198 198
198 243 234
162 206 229
71 110 162
68 120 160
171 239 246
176 246 233
187 237 227
215 239 245
190 237 234
100 203 198
18 162 150
25 163 162
9 173 162
37 176 172
35 181 181
20 181 173
33 186 171
53 186 184
52 181 200
27 165 224
19 145 223
29 151 221
12 93 161
75 120 171
103 238 230
50 233 207
33 168 176
45 189 200
86 251 255
29 219 230
14 183 190
56 172 173
82 199 198
40 206 195
20 199 174
17 199 168
19 183 165
20 161 142
8 165 151
188 230 242
253 253 255
122 243 229
14 202 183
118 221 224
206 253 251
194 245 238
192 243 239
177 239 233
165 231 229
164 229 230
163 233 227
169 231 237
196 243 234
209 239 234
239 246 255
247 254 255
228 251 247
130 193 197
120 178 197
181 235 235
166 236 229
132 230 216
46 167 147
46 154 135
53 162 140
65 166 141
73 176 145
85 176 153
103 178 164
87 146 148
44 61 112
191 200 227
199 255 253
15 98 120
12 66 97
88 134 211
173 184 236
228 253 255
34 200 189
12 166 165
16 181 178
69 188 179
164 228 222
176 231 228
111 180 167
54 141 137
121 198 201
173 233 223
125 196 180
245 255 255
237 255 253
213 247 241
186 234 235
217 241 239
241 255 254
175 237 231
93 190 164
83 180 146
49 174 154
34 175 160
125 221 215
175 234 236
191 240 238
213 245 240
221 241 242
218 249 250
210 255 244
139 234 214
70 202 185
13 154 151
22 180 174
12 197 171
8 177 145
18 167 134
22 169 131
70 171 156
79 181 169
70 170 142
58 158 130
56 169 159
82 172 167
182 222 220
163 228 242
61 186 194
113 202 206
141 209 208
121 202 199
143 212 215
129 216 213
143 223 216
173 231 226
175 232 224
187 232 223
191 240 242
237 248 252
255 245 252
210 248 236
105 255 242
62 254 247
83 204 184
83 162 119
96 175 134
139 210 194
169 228 207
159 225 196
71 160 150
62 173 169
39 212 214
14 207 197
18 223 221
14 231 224
37 235 229
172 251 255
89 180 185
14 92 115
112 180 225
137 198 224
120 198 221
210 243 252
214 244 245
170 227 212
123 200 172
115 200 168
92 203 175
133 224 209
173 239 238
40 227 212
9 232 216
17 206 204
29 119 144
36 115 154
43 100 126
48 84 124
27 76 114
18 120 155
16 191 204
11 179 190
45 190 228
102 175 227
107 150 207
86 165 208
62 183 193
42 169 167
121 201 200
156 227 231
125 206 213
97 185 171
118 174 163
182 218 212
200 234 233
198 229 228
182 227 224
101 195 191
96 187 192
140 209 219
151 219 212
135 208 192
105 195 182
154 209 200
166 227 217
132 204 184
74 142 141
33 58 84
90 114 150
171 213 255
98 156 198
92 187 220
48 149 181
15 68 71
45 126 163
52 141 185
44 111 150
121 181 211
73 108 142
75 107 148
110 170 224
119 169 251
121 166 240
175 211 241
203 230 255
105 167 238
128 176 234
115 201 253
38 148 230
25 70 103
12 44 43
20 64 71
28 59 80
41 78 128
110 174 229
134 196 244
92 166 200
24 69 112
83 149 214
151 216 254
163 209 255
133 189 248
33 67 91
10 48 50
28 92 96
38 95 110
24 63 71
22 40 51
49 103 126
73 129 140
25 53 60
19 63 76
56 109 129
48 96 114
68 92 112
110 133 155
112 145 141
62 96 90
57 93 103
51 80 95
45 92 119
60 119 129
45 73 90
59 109 137
49 84 110
53 79 91
66 105 120
61 110 156
74 137 197
65 160 234
44 147 233
92 185 240
65 150 196
60 135 191
87 177 236
132 192 238
136 179 200
208 241 237
238 253 249
207 225 236
203 230 240
224 236 246
198 218 223
191 229 234
170 199 226
63 96 142
17 47 102
59 118 168
29 203 226
15 218 201
14 194 166
9 186 159
21 193 159
7 201 171
24 181 167
16 168 149
17 196 181
3 221 186
16 209 183
15 217 188
13 222 188
20 194 170
10 180 151
15 183 147
17 156 129
20 132 115
36 159 145
49 183 163
21 141 116
25 135 107
47 181 145
67 187 152
120 204 176
148 212 200
175 227 217
187 230 217
183 233 223
194 234 229
220 243 239
190 238 232
165 228 218
168 231 221
188 234 228
206 241 237
158 237 216
60 171 133
36 129 92
55 146 113
49 143 102
51 143 108
46 142 106
67 151 117
124 194 177
132 194 172
84 167 122
76 160 118
112 172 138
121 178 139
134 184 142
92 162 121
51 147 111
63 162 124
63 158 121
38 139 114
15 132 105
12 144 114
12 114 97
35 130 123
41 114 122
8 68 134
15 101 183
21 146 144
52 162 120
66 160 125
66 151 123
65 159 134
31 141 115
17 130 103
24 125 103
14 117 96
12 55 52
13 27 25
28 93 102
59 138 159
13 52 60
18 101 86
41 135 118
24 108 90
20 79 51
15 126 98
24 168 143
16 150 127
15 147 117
18 147 110
5 126 88
16 119 91
33 147 117
20 124 101
20 119 87
11 128 89
16 115 89
22 96 72
66 173 146
174 255 252
94 185 159
42 129 101
73 151 127
86 170 145
74 167 130
62 164 117
130 216 182
229 251 249
191 234 225
79 164 142
24 131 99
56 144 114
44 136 111
39 139 121
164 223 219
216 240 246
208 233 235
216 248 254
184 234 234
112 177 155
52 143 118
23 159 141
20 132 125
19 25 54
24 32 55
21 51 62
19 108 92
10 113 85
8 108 86
19 107 83
11 115 80
17 111 80
18 107 81
18 103 75
12 130 112
18 194 170
15 179 154
15 177 149
18 159 120
11 152 119
11 152 109
10 148 101
18 152 106
9 136 97
9 132 104
16 137 116
12 124 100
19 125 96
17 120 83
20 118 76
28 128 93
60 143 121
65 140 112
38 132 91
20 128 86
11 130 91
24 135 83
22 132 98
20 135 108
8 118 100
19 43 43
52 70 77
38 57 72
12 14 14
13 90 82
18 163 141
4 121 100
29 103 85
