232 232 232
173 173 173
99 99 99
34 34 34
1 1 1
13 13 13
63 63 63
136 136 136
206 206 206
248 248 248
248 248 248
206 206 206
136 136 136
64 64 64
13 13 13
1 1 1
34 34 34
99 99 99
173 173 173
232 232 232
254 254 254
232 232 232
173 173 173
99 99 99
34 34 34
1 1 1
13 13 13
63 63 63
136 136 136
206 206 206
248 248 248
248 248 248
206 206 206
136 136 136
64 64 64
13 13 13
1 1 1
34 34 34
99 99 99
173 173 173
232 232 232
254 254 254
232 232 232
173 173 173
99 99 99
34 34 34
1 1 1
13 13 13
63 63 63
136 136 136
206 206 206
248 248 248
248 248 248
206 206 206
136 136 136
64 64 64
13 13 13
1 1 1
34 34 34
99 99 99
173 173 173
232 232 232
254 254 254
232 232 232
173 173 173
99 99 99
34 34 34
1 1 1
13 13 13
63 63 63
136 136 136
206 206 206
248 248 248
248 248 248
206 206 206
136 136 136
64 64 64
13 13 13
1 1 1
34 34 34
99 99 99
173 173 173
232 232 232
254 254 254
232 232 232
173 173 173
99 99 99
34 34 34
1 1 1
13 13 13
64 64 64
136 136 136
206 206 206
248 248 248
248 248 248
206 206 206
136 136 136
64 64 64
13 13 13
1 1 1
34 34 34
99 99 99
173 173 173
232 232 232
254 254 254
232 232 232
173 173 173
99 99 99
34 34 34
1 1 1
13 13 13
63 63 63
136 136 136
206 206 206
248 248 248
248 248 248
206 206 206
136 136 136
64 64 64
13 13 13
1 1 1
34 34 34
99 99 99
173 173 173
232 232 232
254 254 254
232 232 232
173 173 173
99 99 99
34 34 34
1 1 1
13 13 13
63 63 63
136 136 136
206 206 206
248 248 248
248 248 248
206 206 206
136 136 136
64 64 64
13 13 13
1 1 1
34 34 34
99 99 99
173 173 173
232 232 232
254 254 254
232 232 232
173 173 173
99 99 99
34 34 34
1 1 1
13 13 13
63 63 63
136 136 136
206 206 206
248 248 248
248 248 248
206 206 206
136 136 136
63 63 63
13 13 13
1 1 1
34 34 34
99 99 99
173 173 173
232 232 232
254 254 254
232 232 232
173 173 173
99 99 99
34 34 34
1 1 1
13 13 13
63 63 63
136 136 136
206 206 206
248 248 248
248 248 248
206 206 206
136 136 136
63 63 63
13 13 13
1 1 1
34 34 34
99 99 99
173 173 173
232 232 232
254 254 254
232 232 232
173 173 173
99 99 99
34 34 34
1 1 1
13 13 13
63 63 63
136 136 136
206 206 206
248 248 248
248 248 248
206 206 206
136 136 136
64 64 64
13 13 13
1 1 1
34 34 34
99 99 99
173 173 173
232 232 232
254 254 254
232 232 232
173 173 173
99 99 99
34 34 34
1 1 1
13 13 13
63 63 63
136 136 136
206 206 206
248 248 248
248 248 248
206 206 206
136 136 136
64 64 64
13 13 13
1 1 1
34 34 34
99 99 99
173 173 173
232 232 232
254 254 254
232 232 232
173 173 173
99 99 99
34 34 34
1 1 1
13 13 13
63 63 63
136 136 136
206 206 206
248 248 248
248 248 248
206 206 206
136 136 136
64 64 64
13 13 13
1 1 1
34 34 34
99 99 99
173 173 173
232 232 232
254 254 254
232 232 232
173 173 173
99 99 99
34 34 34
1 1 1
13 13 13
63 63 63
136 136 136
206 206 206
248 248 248
248 248 248
206 206 206
136 136 136
64 64 64
13 13 13
1 1 1
34 34 34
99 99 99
173 173 173
232 232 232
254 254 254
232 232 232
173 173 173
99 99 99
34 34 34
1 1 1
13 13 13
63 63 63
136 136 136
206 206 206
248 248 248
248 248 248
206 206 206
136 136 136
64 64 64
13 13 13
1 1 1
34 34 34
99 99 99
173 173 173
232 232 232
254 254 254
232 232 232
173 173 173
99 99 99
34 34 34
1 1 1
13 13 13
63 63 63
136 136 136
206 206 206
248 248 248
248 248 248
206 206 206
136 136 136
64 64 64
13 13 13
1 1 1
34 34 34
99 99 99
173 173 173
232 232 232
254 254 254
232 232 232
173 173 173
99 99 99
34 34 34
1 1 1
13 13 13
64 64 64
136 136 136
206 206 206
248 248 248
248 248 248
206 206 206
136 136 136
64 64 64
13 13 13
1 1 1
34 34 34
99 99 99
173 173 173
232 232 232
254 254 254
232 232 232
173 173 173
99 99 99
34 34 34
1 1 1
13 13 13
64 64 64
136 136 136
206 206 206
248 248 248
248 248 248
206 206 206
136 136 136
64 64 64
13 13 13
1 1 1
34 34 34
99 99 99
173 173 173
232 232 232
254 254 254
232 232 232
173 173 173
99 99 99
34 34 34
1 1 1
13 13 13
64 64 64
136 136 136
206 206 206
248 248 248
248 248 248
206 206 206
136 136 136
64 64 64
13 13 13
1 1 1
34 34 34
99 99 99
173 173 173
232 232 232
254 254 254
232 232 232
173 173 173
99 99 99
34 34 34
1 1 1
13 13 13
64 64 64
136 136 136
206 206 206
248 248 248
248 248 248
206 206 206
136 136 136
64 64 64
13 13 13
1 1 1
34 34 34
99 99 99
173 173 173
232 232 232
254 254 254
232 232 232
173 173 173
99 99 99
34 34 34
1 1 1
13 13 13
64 64 64
136 136 136
206 206 206
248 248 248
248 248 248
206 206 206
136 136 136
64 64 64
13 13 13
1 1 1
34 34 34
99 99 99
173 173 173
232 232 232
254 254 254
232 232 232
173 173 173
99 99 99
34 34 34
1 1 1
13 13 13
64 64 64
136 136 136
206 206 206
248 248 248
248 248 248
206 206 206
136 136 136
64 64 64
13 13 13
1 1 1
34 34 34
99 99 99
173 173 173
232 232 232
254 254 254
232 232 232
173 173 173
99 99 99
34 34 34
1 1 1
13 13 13
63 63 63
136 136 136
206 206 206
248 248 248
248 248 248
206 206 206
136 136 136
64 64 64
13 13 13
1 1 1
34 34 34
99 99 99
173 173 173
232 232 232
254 254 254
232 232 232
173 173 173
99 99 99
34 34 34
1 1 1
13 13 13
63 63 63
136 136 136
206 206 206
248 248 248
248 248 248
206 206 206
136 136 136
64 64 64
13 13 13
1 1 1
34 34 34
99 99 99
173 173 173
232 232 232
254 254 254
232 232 232
173 173 173
99 99 99
34 34 34
1 1 1
13 13 13
63 63 63
136 136 136
206 206 206
248 248 248
248 248 248
206 206 206
136 136 136
63 63 63
13 13 13
1 1 1
34 34 34
99 99 99
173 173 173
232 232 232
254 254 254
232 232 232
173 173 173
99 99 99
34 34 34
1 1 1
13 13 13
63 63 63
136 136 136
206 206 206
248 248 248
248 248 248
206 206 206
136 136 136
64 64 64
13 13 13
1 1 1
34 34 34
99 99 99
173 173 173
232 232 232
254 254 254
232 232 232
173 173 173
99 99 99
34 34 34
1 1 1
13 13 13
63 63 63
136 136 136
206 206 206
248 248 248
248 248 248
206 206 206
136 136 136
64 64 64
13 13 13
1 1 1
34 34 34
99 99 99
173 173 173
232 232 232
254 254 254
232 232 232
173 173 173
99 99 99
34 34 34
1 1 1
13 13 13
63 63 63
136 136 136
206 206 206
248 248 248
248 248 248
206 206 206
136 136 136
64 64 64
13 13 13
1 1 1
34 34 34
99 99 99
173 173 173
232 232 232
254 254 254
232 232 232
173 173 173
99 99 99
34 34 34
1 1 1
13 13 13
63 63 63
136 136 136
206 206 206
248 248 248
248 248 248
206 206 206
136 136 136
63 63 63
13 13 13
1 1 1
34 34 34
99 99 99
173 173 173
232 232 232
254 254 254
232 232 232
173 173 173
99 99 99
34 34 34
1 1 1
13 13 13
63 63 63
136 136 136
206 206 206
248 248 248
248 248 248
206 206 206
136 136 136
64 64 64
13 13 13
1 1 1
34 34 34
99 99 99
173 173 173
232 232 232
254 254 254
232 232 232
173 173 173
99 99 99
34 34 34
1 1 1
13 13 13
63 63 63
136 136 136
206 206 206
248 248 248
248 248 248
206 206 206
136 136 136
64 64 64
13 13 13
1 1 1
34 34 34
99 99 99
173 173 173
232 232 232
254 254 254
232 232 232
173 173 173
99 99 99
34 34 34
1 1 1
13 13 13
63 63 63
136 136 136
206 206 206
248 248 248
